X^2 = 3047.232
X^2crit = 43.773
El generador no es bueno en cuanto a uniformidad dmcalc  no es menor o igual a dmcritico
+-------------------+------+-------+----------------+
| clase             |   FO |    FE |   (FE-FO)^2/FE |
+===================+======+=======+================+
| [0.0, 0.03125]    |    0 | 31.25 |         31.25  |
+-------------------+------+-------+----------------+
| [0.03125, 0.0625] |    0 | 31.25 |         31.25  |
+-------------------+------+-------+----------------+
| [0.0625, 0.09375] |  103 | 31.25 |        164.738 |
+-------------------+------+-------+----------------+
| [0.09375, 0.125]  |    0 | 31.25 |         31.25  |
+-------------------+------+-------+----------------+
| [0.125, 0.15625]  |  207 | 31.25 |        988.418 |
+-------------------+------+-------+----------------+
| [0.15625, 0.1875] |    0 | 31.25 |         31.25  |
+-------------------+------+-------+----------------+
| [0.1875, 0.21875] |  157 | 31.25 |        506.018 |
+-------------------+------+-------+----------------+
| [0.21875, 0.25]   |    0 | 31.25 |         31.25  |
+-------------------+------+-------+----------------+
| [0.25, 0.28125]   |    0 | 31.25 |         31.25  |
+-------------------+------+-------+----------------+
| [0.28125, 0.3125] |  154 | 31.25 |        482.162 |
+-------------------+------+-------+----------------+
| [0.3125, 0.34375] |    0 | 31.25 |         31.25  |
+-------------------+------+-------+----------------+
| [0.34375, 0.375]  |   75 | 31.25 |         61.25  |
+-------------------+------+-------+----------------+
| [0.375, 0.40625]  |    0 | 31.25 |         31.25  |
+-------------------+------+-------+----------------+
| [0.40625, 0.4375] |   95 | 31.25 |        130.05  |
+-------------------+------+-------+----------------+
| [0.4375, 0.46875] |    0 | 31.25 |         31.25  |
+-------------------+------+-------+----------------+
| [0.46875, 0.5]    |   66 | 31.25 |         38.642 |
+-------------------+------+-------+----------------+
| [0.5, 0.53125]    |    0 | 31.25 |         31.25  |
+-------------------+------+-------+----------------+
| [0.53125, 0.5625] |    0 | 31.25 |         31.25  |
+-------------------+------+-------+----------------+
| [0.5625, 0.59375] |   60 | 31.25 |         26.45  |
+-------------------+------+-------+----------------+
| [0.59375, 0.625]  |    0 | 31.25 |         31.25  |
+-------------------+------+-------+----------------+
| [0.625, 0.65625]  |   33 | 31.25 |          0.098 |
+-------------------+------+-------+----------------+
| [0.65625, 0.6875] |    0 | 31.25 |         31.25  |
+-------------------+------+-------+----------------+
| [0.6875, 0.71875] |   27 | 31.25 |          0.578 |
+-------------------+------+-------+----------------+
| [0.71875, 0.75]   |    0 | 31.25 |         31.25  |
+-------------------+------+-------+----------------+
| [0.75, 0.78125]   |    0 | 31.25 |         31.25  |
+-------------------+------+-------+----------------+
| [0.78125, 0.8125] |   14 | 31.25 |          9.522 |
+-------------------+------+-------+----------------+
| [0.8125, 0.84375] |    0 | 31.25 |         31.25  |
+-------------------+------+-------+----------------+
| [0.84375, 0.875]  |    4 | 31.25 |         23.762 |
+-------------------+------+-------+----------------+
| [0.875, 0.90625]  |    0 | 31.25 |         31.25  |
+-------------------+------+-------+----------------+
| [0.90625, 0.9375] |    4 | 31.25 |         23.762 |
+-------------------+------+-------+----------------+
| [0.9375, 0.96875] |    0 | 31.25 |         31.25  |
+-------------------+------+-------+----------------+
| [0.96875, 1.0]    |    1 | 31.25 |         29.282 |
+-------------------+------+-------+----------------+
X^2 = 1149.552
X^2crit = 43.773
El generador no es bueno en cuanto a uniformidad dmcalc  no es menor o igual a dmcritico
+-------------------+------+-------+----------------+
| clase             |   FO |    FE |   (FE-FO)^2/FE |
+===================+======+=======+================+
| [0.0, 0.03125]    |   75 | 31.25 |         61.25  |
+-------------------+------+-------+----------------+
| [0.03125, 0.0625] |   75 | 31.25 |         61.25  |
+-------------------+------+-------+----------------+
| [0.0625, 0.09375] |  102 | 31.25 |        160.178 |
+-------------------+------+-------+----------------+
| [0.09375, 0.125]  |   87 | 31.25 |         99.458 |
+-------------------+------+-------+----------------+
| [0.125, 0.15625]  |   95 | 31.25 |        130.05  |
+-------------------+------+-------+----------------+
| [0.15625, 0.1875] |   73 | 31.25 |         55.778 |
+-------------------+------+-------+----------------+
| [0.1875, 0.21875] |   75 | 31.25 |         61.25  |
+-------------------+------+-------+----------------+
| [0.21875, 0.25]   |   60 | 31.25 |         26.45  |
+-------------------+------+-------+----------------+
| [0.25, 0.28125]   |   58 | 31.25 |         22.898 |
+-------------------+------+-------+----------------+
| [0.28125, 0.3125] |   56 | 31.25 |         19.602 |
+-------------------+------+-------+----------------+
| [0.3125, 0.34375] |   42 | 31.25 |          3.698 |
+-------------------+------+-------+----------------+
| [0.34375, 0.375]  |   42 | 31.25 |          3.698 |
+-------------------+------+-------+----------------+
| [0.375, 0.40625]  |   18 | 31.25 |          5.618 |
+-------------------+------+-------+----------------+
| [0.40625, 0.4375] |   24 | 31.25 |          1.682 |
+-------------------+------+-------+----------------+
| [0.4375, 0.46875] |   15 | 31.25 |          8.45  |
+-------------------+------+-------+----------------+
| [0.46875, 0.5]    |   16 | 31.25 |          7.442 |
+-------------------+------+-------+----------------+
| [0.5, 0.53125]    |   16 | 31.25 |          7.442 |
+-------------------+------+-------+----------------+
| [0.53125, 0.5625] |    9 | 31.25 |         15.842 |
+-------------------+------+-------+----------------+
| [0.5625, 0.59375] |    4 | 31.25 |         23.762 |
+-------------------+------+-------+----------------+
| [0.59375, 0.625]  |    3 | 31.25 |         25.538 |
+-------------------+------+-------+----------------+
| [0.625, 0.65625]  |    5 | 31.25 |         22.05  |
+-------------------+------+-------+----------------+
| [0.65625, 0.6875] |    2 | 31.25 |         27.378 |
+-------------------+------+-------+----------------+
| [0.6875, 0.71875] |    1 | 31.25 |         29.282 |
+-------------------+------+-------+----------------+
| [0.71875, 0.75]   |    2 | 31.25 |         27.378 |
+-------------------+------+-------+----------------+
| [0.75, 0.78125]   |    1 | 31.25 |         29.282 |
+-------------------+------+-------+----------------+
| [0.78125, 0.8125] |    0 | 31.25 |         31.25  |
+-------------------+------+-------+----------------+
| [0.8125, 0.84375] |    0 | 31.25 |         31.25  |
+-------------------+------+-------+----------------+
| [0.84375, 0.875]  |    0 | 31.25 |         31.25  |
+-------------------+------+-------+----------------+
| [0.875, 0.90625]  |    1 | 31.25 |         29.282 |
+-------------------+------+-------+----------------+
| [0.90625, 0.9375] |    1 | 31.25 |         29.282 |
+-------------------+------+-------+----------------+
| [0.9375, 0.96875] |    0 | 31.25 |         31.25  |
+-------------------+------+-------+----------------+
| [0.96875, 1.0]    |    1 | 31.25 |         29.282 |
+-------------------+------+-------+----------------+
