DMcalc = 0.004400000000000404
DMcritico = 0.013600000000000001
El generador es bueno en cuanto a uniformidad pues dmcalc es menor o igual a dmcritico
+------------------------------------------+------+-------+--------+-------+-------------+
| clase                                    |   FO |   FOA |    POA |   PEA |   |PEA-POA| |
+==========================================+======+=======+========+=======+=============+
| [0.0, 0.01]                              |   93 |    93 | 0.0093 |  0.01 | 0.0007      |
+------------------------------------------+------+-------+--------+-------+-------------+
| [0.01, 0.02]                             |   99 |   192 | 0.0192 |  0.02 | 0.0008      |
+------------------------------------------+------+-------+--------+-------+-------------+
| [0.02, 0.03]                             |  103 |   295 | 0.0295 |  0.03 | 0.0005      |
+------------------------------------------+------+-------+--------+-------+-------------+
| [0.03, 0.04]                             |  102 |   397 | 0.0397 |  0.04 | 0.0003      |
+------------------------------------------+------+-------+--------+-------+-------------+
| [0.04, 0.05]                             |   85 |   482 | 0.0482 |  0.05 | 0.0018      |
+------------------------------------------+------+-------+--------+-------+-------------+
| [0.05, 0.06]                             |  101 |   583 | 0.0583 |  0.06 | 0.0017      |
+------------------------------------------+------+-------+--------+-------+-------------+
| [0.06, 0.07]                             |  110 |   693 | 0.0693 |  0.07 | 0.0007      |
+------------------------------------------+------+-------+--------+-------+-------------+
| [0.07, 0.08]                             |   86 |   779 | 0.0779 |  0.08 | 0.0021      |
+------------------------------------------+------+-------+--------+-------+-------------+
| [0.08, 0.09]                             |  113 |   892 | 0.0892 |  0.09 | 0.0008      |
+------------------------------------------+------+-------+--------+-------+-------------+
| [0.09, 0.1]                              |  101 |   993 | 0.0993 |  0.1  | 0.0007      |
+------------------------------------------+------+-------+--------+-------+-------------+
| [0.1, 0.11]                              |  105 |  1098 | 0.1098 |  0.11 | 0.0002      |
+------------------------------------------+------+-------+--------+-------+-------------+
| [0.11, 0.12]                             |   99 |  1197 | 0.1197 |  0.12 | 0.0003      |
+------------------------------------------+------+-------+--------+-------+-------------+
| [0.12, 0.13]                             |  115 |  1312 | 0.1312 |  0.13 | 0.0012      |
+------------------------------------------+------+-------+--------+-------+-------------+
| [0.13, 0.14]                             |   93 |  1405 | 0.1405 |  0.14 | 0.0005      |
+------------------------------------------+------+-------+--------+-------+-------------+
| [0.14, 0.15]                             |   99 |  1504 | 0.1504 |  0.15 | 0.0004      |
+------------------------------------------+------+-------+--------+-------+-------------+
| [0.15, 0.16]                             |  103 |  1607 | 0.1607 |  0.16 | 0.0007      |
+------------------------------------------+------+-------+--------+-------+-------------+
| [0.16, 0.17]                             |   95 |  1702 | 0.1702 |  0.17 | 0.0002      |
+------------------------------------------+------+-------+--------+-------+-------------+
| [0.17, 0.18]                             |  100 |  1802 | 0.1802 |  0.18 | 0.0002      |
+------------------------------------------+------+-------+--------+-------+-------------+
| [0.18, 0.19]                             |  107 |  1909 | 0.1909 |  0.19 | 0.0009      |
+------------------------------------------+------+-------+--------+-------+-------------+
| [0.19, 0.2]                              |   91 |  2000 | 0.2    |  0.2  | 2.77556e-17 |
+------------------------------------------+------+-------+--------+-------+-------------+
| [0.2, 0.21]                              |   91 |  2091 | 0.2091 |  0.21 | 0.0009      |
+------------------------------------------+------+-------+--------+-------+-------------+
| [0.21, 0.22]                             |  111 |  2202 | 0.2202 |  0.22 | 0.0002      |
+------------------------------------------+------+-------+--------+-------+-------------+
| [0.22, 0.23]                             |  111 |  2313 | 0.2313 |  0.23 | 0.0013      |
+------------------------------------------+------+-------+--------+-------+-------------+
| [0.23, 0.24]                             |   94 |  2407 | 0.2407 |  0.24 | 0.0007      |
+------------------------------------------+------+-------+--------+-------+-------------+
| [0.24, 0.25]                             |  100 |  2507 | 0.2507 |  0.25 | 0.0007      |
+------------------------------------------+------+-------+--------+-------+-------------+
| [0.25, 0.26]                             |  102 |  2609 | 0.2609 |  0.26 | 0.0009      |
+------------------------------------------+------+-------+--------+-------+-------------+
| [0.26, 0.27]                             |  100 |  2709 | 0.2709 |  0.27 | 0.0009      |
+------------------------------------------+------+-------+--------+-------+-------------+
| [0.27, 0.28]                             |   94 |  2803 | 0.2803 |  0.28 | 0.0003      |
+------------------------------------------+------+-------+--------+-------+-------------+
| [0.28, 0.29]                             |  110 |  2913 | 0.2913 |  0.29 | 0.0013      |
+------------------------------------------+------+-------+--------+-------+-------------+
| [0.29, 0.3]                              |   99 |  3012 | 0.3012 |  0.3  | 0.0012      |
+------------------------------------------+------+-------+--------+-------+-------------+
| [0.3, 0.31]                              |   98 |  3110 | 0.311  |  0.31 | 0.001       |
+------------------------------------------+------+-------+--------+-------+-------------+
| [0.31, 0.32]                             |   95 |  3205 | 0.3205 |  0.32 | 0.0005      |
+------------------------------------------+------+-------+--------+-------+-------------+
| [0.32, 0.33]                             |   83 |  3288 | 0.3288 |  0.33 | 0.0012      |
+------------------------------------------+------+-------+--------+-------+-------------+
| [0.33, 0.34]                             |  107 |  3395 | 0.3395 |  0.34 | 0.0005      |
+------------------------------------------+------+-------+--------+-------+-------------+
| [0.34, 0.35000000000000003]              |  100 |  3495 | 0.3495 |  0.35 | 0.0005      |
+------------------------------------------+------+-------+--------+-------+-------------+
| [0.35000000000000003, 0.36]              |   95 |  3590 | 0.359  |  0.36 | 0.001       |
+------------------------------------------+------+-------+--------+-------+-------------+
| [0.36, 0.37]                             |  101 |  3691 | 0.3691 |  0.37 | 0.0009      |
+------------------------------------------+------+-------+--------+-------+-------------+
| [0.37, 0.38]                             |  101 |  3792 | 0.3792 |  0.38 | 0.0008      |
+------------------------------------------+------+-------+--------+-------+-------------+
| [0.38, 0.39]                             |  102 |  3894 | 0.3894 |  0.39 | 0.0006      |
+------------------------------------------+------+-------+--------+-------+-------------+
| [0.39, 0.4]                              |  108 |  4002 | 0.4002 |  0.4  | 0.0002      |
+------------------------------------------+------+-------+--------+-------+-------------+
| [0.4, 0.41000000000000003]               |   95 |  4097 | 0.4097 |  0.41 | 0.0003      |
+------------------------------------------+------+-------+--------+-------+-------------+
| [0.41000000000000003, 0.42]              |   97 |  4194 | 0.4194 |  0.42 | 0.0006      |
+------------------------------------------+------+-------+--------+-------+-------------+
| [0.42, 0.43]                             |   99 |  4293 | 0.4293 |  0.43 | 0.0007      |
+------------------------------------------+------+-------+--------+-------+-------------+
| [0.43, 0.44]                             |   99 |  4392 | 0.4392 |  0.44 | 0.0008      |
+------------------------------------------+------+-------+--------+-------+-------------+
| [0.44, 0.45]                             |   95 |  4487 | 0.4487 |  0.45 | 0.0013      |
+------------------------------------------+------+-------+--------+-------+-------------+
| [0.45, 0.46]                             |   98 |  4585 | 0.4585 |  0.46 | 0.0015      |
+------------------------------------------+------+-------+--------+-------+-------------+
| [0.46, 0.47000000000000003]              |   93 |  4678 | 0.4678 |  0.47 | 0.0022      |
+------------------------------------------+------+-------+--------+-------+-------------+
| [0.47000000000000003, 0.48]              |   95 |  4773 | 0.4773 |  0.48 | 0.0027      |
+------------------------------------------+------+-------+--------+-------+-------------+
| [0.48, 0.49]                             |   97 |  4870 | 0.487  |  0.49 | 0.003       |
+------------------------------------------+------+-------+--------+-------+-------------+
| [0.49, 0.5]                              |   92 |  4962 | 0.4962 |  0.5  | 0.0038      |
+------------------------------------------+------+-------+--------+-------+-------------+
| [0.5, 0.51]                              |  108 |  5070 | 0.507  |  0.51 | 0.003       |
+------------------------------------------+------+-------+--------+-------+-------------+
| [0.51, 0.52]                             |   89 |  5159 | 0.5159 |  0.52 | 0.0041      |
+------------------------------------------+------+-------+--------+-------+-------------+
| [0.52, 0.53]                             |  107 |  5266 | 0.5266 |  0.53 | 0.0034      |
+------------------------------------------+------+-------+--------+-------+-------------+
| [0.53, 0.54]                             |   95 |  5361 | 0.5361 |  0.54 | 0.0039      |
+------------------------------------------+------+-------+--------+-------+-------------+
| [0.54, 0.55]                             |  100 |  5461 | 0.5461 |  0.55 | 0.0039      |
+------------------------------------------+------+-------+--------+-------+-------------+
| [0.55, 0.56]                             |  109 |  5570 | 0.557  |  0.56 | 0.003       |
+------------------------------------------+------+-------+--------+-------+-------------+
| [0.56, 0.5700000000000001]               |  103 |  5673 | 0.5673 |  0.57 | 0.0027      |
+------------------------------------------+------+-------+--------+-------+-------------+
| [0.5700000000000001, 0.58]               |  100 |  5773 | 0.5773 |  0.58 | 0.0027      |
+------------------------------------------+------+-------+--------+-------+-------------+
| [0.58, 0.59]                             |  102 |  5875 | 0.5875 |  0.59 | 0.0025      |
+------------------------------------------+------+-------+--------+-------+-------------+
| [0.59, 0.6]                              |  107 |  5982 | 0.5982 |  0.6  | 0.0018      |
+------------------------------------------+------+-------+--------+-------+-------------+
| [0.6, 0.61]                              |   83 |  6065 | 0.6065 |  0.61 | 0.0035      |
+------------------------------------------+------+-------+--------+-------+-------------+
| [0.61, 0.62]                             |  113 |  6178 | 0.6178 |  0.62 | 0.0022      |
+------------------------------------------+------+-------+--------+-------+-------------+
| [0.62, 0.63]                             |  102 |  6280 | 0.628  |  0.63 | 0.002       |
+------------------------------------------+------+-------+--------+-------+-------------+
| [0.63, 0.64]                             |  100 |  6380 | 0.638  |  0.64 | 0.002       |
+------------------------------------------+------+-------+--------+-------+-------------+
| [0.64, 0.65]                             |  107 |  6487 | 0.6487 |  0.65 | 0.0013      |
+------------------------------------------+------+-------+--------+-------+-------------+
| [0.65, 0.66]                             |   89 |  6576 | 0.6576 |  0.66 | 0.0024      |
+------------------------------------------+------+-------+--------+-------+-------------+
| [0.66, 0.67]                             |   90 |  6666 | 0.6666 |  0.67 | 0.0034      |
+------------------------------------------+------+-------+--------+-------+-------------+
| [0.67, 0.68]                             |   95 |  6761 | 0.6761 |  0.68 | 0.0039      |
+------------------------------------------+------+-------+--------+-------+-------------+
| [0.68, 0.6900000000000001]               |   97 |  6858 | 0.6858 |  0.69 | 0.0042      |
+------------------------------------------+------+-------+--------+-------+-------------+
| [0.6900000000000001, 0.7000000000000001] |  102 |  6960 | 0.696  |  0.7  | 0.004       |
+------------------------------------------+------+-------+--------+-------+-------------+
| [0.7000000000000001, 0.71]               |   96 |  7056 | 0.7056 |  0.71 | 0.0044      |
+------------------------------------------+------+-------+--------+-------+-------------+
| [0.71, 0.72]                             |  104 |  7160 | 0.716  |  0.72 | 0.004       |
+------------------------------------------+------+-------+--------+-------+-------------+
| [0.72, 0.73]                             |  110 |  7270 | 0.727  |  0.73 | 0.003       |
+------------------------------------------+------+-------+--------+-------+-------------+
| [0.73, 0.74]                             |  101 |  7371 | 0.7371 |  0.74 | 0.0029      |
+------------------------------------------+------+-------+--------+-------+-------------+
| [0.74, 0.75]                             |   96 |  7467 | 0.7467 |  0.75 | 0.0033      |
+------------------------------------------+------+-------+--------+-------+-------------+
| [0.75, 0.76]                             |  104 |  7571 | 0.7571 |  0.76 | 0.0029      |
+------------------------------------------+------+-------+--------+-------+-------------+
| [0.76, 0.77]                             |  108 |  7679 | 0.7679 |  0.77 | 0.0021      |
+------------------------------------------+------+-------+--------+-------+-------------+
| [0.77, 0.78]                             |  105 |  7784 | 0.7784 |  0.78 | 0.0016      |
+------------------------------------------+------+-------+--------+-------+-------------+
| [0.78, 0.79]                             |   90 |  7874 | 0.7874 |  0.79 | 0.0026      |
+------------------------------------------+------+-------+--------+-------+-------------+
| [0.79, 0.8]                              |  111 |  7985 | 0.7985 |  0.8  | 0.0015      |
+------------------------------------------+------+-------+--------+-------+-------------+
| [0.8, 0.81]                              |  101 |  8086 | 0.8086 |  0.81 | 0.0014      |
+------------------------------------------+------+-------+--------+-------+-------------+
| [0.81, 0.8200000000000001]               |   92 |  8178 | 0.8178 |  0.82 | 0.0022      |
+------------------------------------------+------+-------+--------+-------+-------------+
| [0.8200000000000001, 0.8300000000000001] |  101 |  8279 | 0.8279 |  0.83 | 0.0021      |
+------------------------------------------+------+-------+--------+-------+-------------+
| [0.8300000000000001, 0.84]               |   91 |  8370 | 0.837  |  0.84 | 0.003       |
+------------------------------------------+------+-------+--------+-------+-------------+
| [0.84, 0.85]                             |  101 |  8471 | 0.8471 |  0.85 | 0.0029      |
+------------------------------------------+------+-------+--------+-------+-------------+
| [0.85, 0.86]                             |  101 |  8572 | 0.8572 |  0.86 | 0.0028      |
+------------------------------------------+------+-------+--------+-------+-------------+
| [0.86, 0.87]                             |   93 |  8665 | 0.8665 |  0.87 | 0.0035      |
+------------------------------------------+------+-------+--------+-------+-------------+
| [0.87, 0.88]                             |  100 |  8765 | 0.8765 |  0.88 | 0.0035      |
+------------------------------------------+------+-------+--------+-------+-------------+
| [0.88, 0.89]                             |  116 |  8881 | 0.8881 |  0.89 | 0.0019      |
+------------------------------------------+------+-------+--------+-------+-------------+
| [0.89, 0.9]                              |  108 |  8989 | 0.8989 |  0.9  | 0.0011      |
+------------------------------------------+------+-------+--------+-------+-------------+
| [0.9, 0.91]                              |  103 |  9092 | 0.9092 |  0.91 | 0.0008      |
+------------------------------------------+------+-------+--------+-------+-------------+
| [0.91, 0.92]                             |  114 |  9206 | 0.9206 |  0.92 | 0.0006      |
+------------------------------------------+------+-------+--------+-------+-------------+
| [0.92, 0.93]                             |  112 |  9318 | 0.9318 |  0.93 | 0.0018      |
+------------------------------------------+------+-------+--------+-------+-------------+
| [0.93, 0.9400000000000001]               |   97 |  9415 | 0.9415 |  0.94 | 0.0015      |
+------------------------------------------+------+-------+--------+-------+-------------+
| [0.9400000000000001, 0.9500000000000001] |   96 |  9511 | 0.9511 |  0.95 | 0.0011      |
+------------------------------------------+------+-------+--------+-------+-------------+
| [0.9500000000000001, 0.96]               |  112 |  9623 | 0.9623 |  0.96 | 0.0023      |
+------------------------------------------+------+-------+--------+-------+-------------+
| [0.96, 0.97]                             |  100 |  9723 | 0.9723 |  0.97 | 0.0023      |
+------------------------------------------+------+-------+--------+-------+-------------+
| [0.97, 0.98]                             |  100 |  9823 | 0.9823 |  0.98 | 0.0023      |
+------------------------------------------+------+-------+--------+-------+-------------+
| [0.98, 0.99]                             |   91 |  9914 | 0.9914 |  0.99 | 0.0014      |
+------------------------------------------+------+-------+--------+-------+-------------+
| [0.99, 1.0]                              |   86 | 10000 | 1      |  1    | 6.66134e-16 |
+------------------------------------------+------+-------+--------+-------+-------------+
